51 98.799999999999997 0
135 308 0
26 94.709999999999994 0
29 63.545999999999999 1
97 270 0
100 257 1
28 58.689999999999998 1
11 22.24305 1
-16 -13.997399999999999 0
45 133.964 0
72 223 0
81 225 0
82 207.19999999999999 1
4 9.0122 1
46 106.42 1
42 95.939999999999998 1
91 264 0
76 226 0
-12 -5.9893000000000001 0
10 0 0
 74 183.84 1
 30 65.390000000000001 1
 37 85.467799999999997 1
 82 232 0
 -21 -17.059000000000001 0
 59 162.9479 0
 3 6.9409999999999998 1
 117 260.89999999999998 1
 97 247 1
 69 168.9342 1
 29 80.906400000000005 0
 45 144.9342 0
 79 195.078 1
 70 208 0
 103 247 0
 1 1.0079 1
 110 261.89999999999998 1
 51 121.76000000000001 1
 1 14.9815 0
 81 204.38829999999999 1
 98 251 1
 26 55.844999999999999 1
 68 150.11600000000001 0
 34 78.959999999999994 1
 108 277 1
 40 60.078000000000003 0
 60 144.24000000000001 1
 98 249.89999999999998 0
 25 73.467799999999997 0
 41 79.722999999999999 0
 57 156.9342 0
 51 162.20699999999999 0
 25 54.938000000000002 1
 78 192.27099999999999 1
 88 187.25899999999999 0
 76 233 0
 83 208.9804 1
 118 294 1
 61 186 0
 69 213 0
 21 44.9559 1
 113 286 1
 120 271.89999999999998 0
 -12 0.30499999999999972 0
 43 98 1
 60 128.70999999999998 0
 49 114.818 1
 103 262 1
 38 87.620000000000005 1
 41 92.906400000000005 1
 25 35.179699999999997 0
 86 222 1
 61 145 1
 114 264 0
 24 51.996099999999998 1
 101 258 1
 73 161.964 0
 5 39.545999999999999 0
 40 91.224000000000004 1
 40 122.11600000000001 0
 111 271.80000000000001 1
 52 127.59999999999999 1
 65 158.92529999999999 1
 50 149.25899999999999 0
 63 118 0
 113 257 0
 11 45.545999999999999 0
 58 122.411 0
 51 89.722999999999999 0
 5 10.811 1
 84 209 1
 111 262 0
 125 276.89999999999998 0
 32 44.305 0
 2 4.0026000000000002 1
 66 162.5 1
 -9 0.99840000000000018 0
 47 87.640000000000001 0
 71 174.9479 1
 60 111.224 0
 75 219 0
 -8 8.0649999999999977 0
 54 131.29300000000001 1
 19 39.098300000000002 1
 116 267 0
 17 68.906400000000005 0
 8 15.9994 1
 22 66.959999999999994 0
 92 238.02889999999999 1
 121 278 0
 33 60.941499999999998 0
 33 114.90549999999999 0
 84 183.9342 0
 2 16.0855 0
 102 259 1
 64 189.19999999999999 0
 108 246 0
 109 268 1
 68 214.02889999999999 0
 67 183.078 0
 39 88.905900000000003 1
 78 160.11600000000001 0
 55 99.903999999999996 0
 32 57.866999999999997 0
 80 200.59 1
 42 67.86699999999999 0
 12 14.002600000000001 0
 8 28.078000000000003 0
 28 41.981499999999997 0
 57 180.38829999999999 0
 88 226 1
 63 151.964 1
 25 80 0
 56 137.327 1
 103 276 0
 45 102.9055 1
 104 281 0
 89 227 1
 7 14.0067 1
 20 40.078000000000003 1
 66 136.75999999999999 0
 50 118.70999999999999 1
 105 262 1
 114 289 1
 46 128.11600000000001 0
 115 288 1
 106 257 0
 73 198 0
 90 232.03809999999999 1
 47 150.9479 0
 58 140.11600000000001 1
 10 20.1797 1
 31 69.722999999999999 1
 -2 14.064999999999998 0
 6 12.0107 1
 19 28.9984 0
 16 32.064999999999998 1
 76 190.22999999999999 1
 75 186.20699999999999 1
 5 -5 0
 24 88.411000000000001 0
 35 55.078000000000003 0
 18 39.948 1
 106 266 1
 72 178.49000000000001 1
 13 42.938000000000002 0
 62 150.36000000000001 1
 116 293 1
 47 107.8682 1
 27 58.933199999999999 1
 80 226.02889999999999 0
 86 239 0
 70 173.03999999999999 1
 8 48.640000000000001 0
 49 83.545999999999992 0
 23 50.941499999999998 1
 73 180.9479 1
 14 28.0855 1
 59 140.90770000000001 1
 100 225 0
 20 30.1797 0
 39 59.098300000000002 0
 68 167.25899999999999 1
 85 210 1
 33 74.920000000000002 1
 13 26.9815 1
 108 252 0
 46 84.722999999999999 0
 -5 15.098300000000002 0
 -2 23.866999999999997 0
 90 201.20699999999999 0
 9 18.9984 1
 46 93.799999999999997 0
 17 19.002600000000001 0
 115 272 0
 35 79.903999999999996 1
 108 261 0
 42 82.640000000000001 0
 55 132.90549999999999 1
 36 100.411 0
 12 24.305 1
 96 247 1
 20 60.640000000000001 0
 53 126.9045 1
 78 166.964 0
 95 243 1
 70 138.70999999999998 0
 112 285 1
 32 72.640000000000001 1
 36 83.799999999999997 1
 64 157.25 1
 15 30.973800000000001 1
 107 264 1
 91 231.0359 1
 17 35.453000000000003 1
 99 252 1
 13 16.940999999999999 0
 22 47.866999999999997 1
 83 240 0
 17 51.545999999999999 0
 104 261 1
 118 271 0
 57 138.90549999999999 1
 67 164.93029999999999 1
 104 254 0
 44 101.06999999999999 1
 2 22.078000000000003 0
 94 244 1
 77 196.9665 1
 48 112.411 1
 51 102.9064 0
 93 237 1
 76 214 0
 87 223 1
 44 88.959999999999994 0
 109 259 0